<?xml version="1.0"?>
<opencv_storage>
<hitThreshold>9.8114037513732910e-01</hitThreshold>
<odtrained_hog type_id="opencv-object-detector-hog">
  <winSize>
    64 128</winSize>
  <blockSize>
    16 16</blockSize>
  <blockStride>
    8 8</blockStride>
  <cellSize>
    8 8</cellSize>
  <nbins>9</nbins>
  <derivAperture>1</derivAperture>
  <winSigma>4.</winSigma>
  <histogramNormType>0</histogramNormType>
  <L2HysThreshold>2.0000000000000001e-01</L2HysThreshold>
  <gammaCorrection>0</gammaCorrection>
  <nlevels>64</nlevels>
  <SVMDetector>
    1.36851333e-02 -1.78799778e-02 -1.52936745e-02 -2.67829932e-02
    5.74135361e-03 3.05864811e-02 -7.31275592e-04 -3.01607279e-03
    2.24616453e-02 1.32926479e-02 -2.20556669e-02 -1.44247869e-02
    2.08781343e-02 -2.98106354e-02 6.67287502e-03 -1.69414114e-02
    3.99260176e-03 2.31789351e-02 4.59072776e-02 -2.63695810e-02
    1.95541233e-03 3.54852863e-02 2.33242102e-02 -1.74795892e-02
    -2.09813695e-02 -2.06316262e-02 1.33528970e-02 -6.02634856e-03
    -1.53415864e-02 -2.29821615e-02 -6.62410632e-03 -1.69773102e-02
    1.56806130e-02 1.74501315e-02 1.01673761e-02 -3.88828255e-02
    -2.02049725e-02 -4.70635481e-02 1.52994171e-02 9.67488624e-03
    4.44518228e-04 5.44667132e-02 -4.70442101e-02 -1.27918785e-03
    2.50872429e-02 6.28545582e-02 -4.56427112e-02 3.29522900e-02
    1.53113222e-02 -2.40142308e-02 -1.08115710e-02 -3.31351720e-03
    2.26823464e-02 2.76684873e-02 -4.22631297e-03 2.56483145e-02
    2.31823083e-02 9.86424554e-03 4.72884774e-02 1.47319185e-02
    -2.73438785e-02 -1.40448967e-02 -1.65985655e-02 1.30254431e-02
    -2.71400809e-03 -8.31841026e-03 1.84356403e-02 5.87450480e-03
    1.51042473e-02 -7.24184187e-03 -2.07356177e-02 -8.54121894e-03
    8.84076487e-03 -9.09009762e-03 -5.91327390e-03 3.13980170e-02
    1.97384693e-02 -2.77883420e-03 4.42443183e-03 3.69609483e-02
    -1.63359400e-02 4.88564838e-04 -1.29907383e-02 1.15562789e-02
    1.05802985e-02 -2.47484073e-02 3.38244326e-02 3.38497921e-03
    -2.15187129e-02 2.36505326e-02 1.74170956e-02 -1.34172905e-02
    7.57311936e-03 -1.36162704e-02 1.94916837e-02 -9.16357804e-03
    2.67665740e-02 2.44159698e-02 -6.01332216e-03 -1.57980788e-02
    -9.64279193e-03 -3.00822183e-02 -1.35831407e-03 -3.09901834e-02
    -7.83634139e-04 1.74985882e-02 -2.96866614e-02 -1.62983295e-02
    -8.81369598e-03 2.40806583e-02 1.64113985e-03 1.39424000e-02
    4.27608518e-03 -3.99328023e-03 3.42154205e-02 1.36567270e-02
    2.39259694e-02 5.80249866e-03 1.35655841e-02 5.52185671e-03
    1.30491182e-02 7.96754006e-03 3.80337648e-02 -1.40259387e-02
    -4.92428839e-02 1.74811240e-02 -4.16428549e-03 5.78532554e-02
    -2.71284450e-02 2.37087607e-02 -1.11089135e-02 -9.25874745e-04
    1.60382036e-02 3.40534709e-02 -3.16890364e-04 3.76910320e-03
    -2.46350914e-02 1.19998287e-02 -1.07144816e-02 -1.26099307e-02
    -2.47175228e-02 4.62034921e-04 -1.57609973e-02 1.05189094e-02
    -3.23147066e-02 2.89637153e-03 -1.13295182e-03 -1.82633344e-02
    -6.83505880e-03 9.06989211e-04 -8.09428189e-03 2.17229053e-02
    2.64877323e-02 -2.00502463e-02 -2.31145192e-02 1.49368262e-03
    4.33988273e-02 8.55687447e-03 -6.05848245e-03 -2.49208193e-02
    -2.68105604e-02 -2.23143566e-02 -8.60401243e-03 -1.23247048e-02
    -1.81736425e-03 2.79039759e-02 -1.56629793e-02 -1.66987143e-02
    3.71106230e-02 6.19143061e-02 1.57037191e-02 -2.92021818e-02
    -4.28126752e-02 2.71632914e-02 -1.59759205e-02 1.03724264e-02
    -7.94653781e-03 1.03752119e-02 -1.42844804e-02 -1.21202189e-02
    -2.09717844e-02 -2.84352116e-02 -4.21562307e-02 4.26450465e-03
    -2.03972347e-02 -5.85619500e-03 -2.06476524e-02 2.32895762e-02
    3.16097923e-02 -2.25741882e-02 -7.51710758e-02 7.96726905e-03
    1.12410877e-02 5.44335134e-03 -3.92459519e-03 -1.92157757e-02
    1.24499772e-03 -2.80429758e-02 1.19895535e-03 -3.03712841e-02
    -4.22081612e-02 2.11785845e-02 1.26695801e-02 6.27092877e-03
    -1.12553500e-02 2.51461752e-02 -4.07340042e-02 2.92247329e-02
    -2.88334284e-02 2.28646211e-03 9.96207632e-03 1.11562088e-02
    -1.69302505e-02 1.40447402e-02 -5.19274063e-02 -6.52442453e-03
    -2.00097612e-03 -1.53087191e-02 1.01924622e-02 5.73147135e-03
    -1.88102033e-02 -1.55900810e-02 -1.26361977e-02 1.81487128e-02
    5.04429862e-02 -3.38064767e-02 -2.80585866e-02 -3.03231515e-02
    3.66576836e-02 4.91674477e-03 -8.05715099e-03 -3.71008888e-02
    8.73429608e-03 2.08926816e-02 1.15152728e-02 -1.24304350e-02
    1.64843015e-02 3.01420372e-02 6.27402274e-04 2.29464425e-03
    8.30374658e-03 -4.60500736e-03 -2.23752260e-02 -6.44004392e-03
    -3.21893953e-02 9.31817293e-03 1.09674446e-02 3.06659308e-03
    -5.01178857e-03 -2.97078006e-02 1.52112974e-03 -4.78315577e-02
    -4.60399203e-02 -7.63454288e-03 -2.00457908e-02 6.23372430e-03
    7.03588547e-03 -1.13489069e-02 -1.10123381e-02 2.10721307e-02
    3.47675267e-03 -1.75024997e-02 1.88928228e-02 -1.46331051e-02
    -3.38857882e-02 -3.24026085e-02 2.94243954e-02 -5.52002899e-03
    -7.11875549e-03 -1.11499103e-02 -3.41097196e-03 -1.95795274e-03
    -4.40008286e-03 3.77923250e-02 -5.06293774e-03 3.20609026e-02
    -5.99051081e-03 1.08982222e-02 1.03215575e-02 -9.73561686e-03
    8.76205787e-03 -7.60118570e-03 -1.36698550e-02 3.96603812e-03
    -5.98410517e-03 -2.24629026e-02 -4.61234618e-03 3.62035888e-03
    -4.34977710e-02 -6.85967272e-04 -9.15043056e-03 4.83346879e-02
    -2.41629258e-02 3.26339491e-02 -2.57228268e-04 -2.26956103e-02
    1.39606399e-02 -3.23436782e-02 -1.67577583e-02 -8.04291200e-03
    4.43647243e-02 -2.46471949e-02 -3.51702492e-03 2.40851268e-02
    2.27613617e-02 2.05307896e-03 -3.18311551e-03 -2.14849114e-02
    -3.56274843e-02 -2.76953038e-02 -9.19125788e-03 2.56958846e-02
    -2.26047225e-02 1.77389532e-02 -2.84436217e-04 -5.20123029e-03
    1.94615204e-04 4.42056870e-03 -5.88069372e-02 -1.16926143e-02
    -2.64959056e-02 -3.31030786e-02 7.30181206e-03 1.42470719e-02
    -3.89944166e-02 -5.84592745e-02 -4.95892623e-03 -2.06472818e-02
    -3.96271609e-02 -4.39968338e-04 -8.11403338e-03 -2.74823420e-02
    4.10404708e-03 1.29999937e-02 -1.38400346e-02 -5.02970628e-03
    -4.35975716e-02 -1.41025241e-02 -5.64455334e-03 -3.97459371e-03
    -3.31744701e-02 -2.65991166e-02 6.86630257e-04 -9.46340524e-03
    5.99484891e-02 2.40098983e-02 3.38865407e-02 3.59991193e-02
    -2.33292989e-02 7.62008305e-04 -2.14660391e-02 -1.15710730e-02
    2.13968265e-03 -1.80337089e-03 1.85713693e-02 -6.61182450e-03
    6.34742377e-04 -1.70053812e-04 -2.64616981e-02 -3.27525102e-03
    1.21404761e-02 -1.29247596e-02 -9.20984522e-03 1.17833493e-03
    2.06666384e-02 3.48777957e-02 2.93316860e-02 1.96067374e-02
    1.43555412e-02 1.43954633e-02 -3.08830640e-03 1.94655787e-02
    1.71397533e-02 -1.72040239e-02 -1.97934620e-02 -2.03941506e-03
    2.80488078e-02 3.18101444e-03 -4.88534244e-03 3.40067260e-02
    -1.88026335e-02 4.11350019e-02 7.75370654e-03 -3.83657515e-02
    9.20061837e-04 3.63252894e-03 -1.03075709e-02 6.77825324e-03
    -1.99715551e-02 2.62623141e-03 3.59033905e-02 -1.20448563e-02
    2.84772441e-02 -1.99353676e-02 -2.27007009e-02 5.85776288e-03
    -4.63800281e-02 -3.29686422e-03 1.59979686e-02 3.25563774e-02
    8.56494810e-03 -2.26696413e-02 -2.14718096e-02 1.87827405e-02
    -1.69691108e-02 -3.62685584e-02 8.65817163e-03 3.02565470e-02
    2.15276927e-02 -1.85015742e-02 3.21038142e-02 -4.73836511e-02
    -8.37836135e-03 1.48652187e-02 -3.69548984e-02 1.04361186e-02
    -2.15184987e-02 -8.95497482e-03 -6.30713627e-03 7.09648663e-03
    -1.60996951e-02 -1.12420814e-02 1.18923569e-02 -3.84987034e-02
    1.80607312e-03 1.95819736e-02 -6.05577044e-03 -3.81131880e-02
    1.85180716e-02 2.48703025e-02 -5.38384765e-02 1.20381583e-02
    9.52192117e-03 3.93291712e-02 2.90458556e-02 -4.49926453e-03
    -9.50845191e-04 -1.18350238e-02 -3.09998170e-02 5.94141614e-03
    -8.87436327e-03 -1.81355551e-02 -1.41020129e-02 6.07083971e-03
    -4.15501632e-02 -1.00738183e-02 -1.49151655e-02 -2.60146474e-03
